Generation	Freq_HbS	Freq_HbA	Freq_Dominant	Freq_Hetero	Freq_Recessive
1	0.0600000000	0.9400000000	0.8836000000	0.1128000000	0.0036000000
2	0.0576258164	0.9423741836	0.8880691020	0.1086101633	0.0033207347
3	0.0554746037	0.9445253963	0.8921282242	0.1047943441	0.0030774317
4	0.0535167421	0.9464832579	0.8958305575	0.1013054008	0.0028640417
5	0.0517276344	0.9482723656	0.8992204793	0.0981037725	0.0026757482
6	0.0500866851	0.9499133149	0.9023353059	0.0951560181	0.0025086760
7	0.0485765180	0.9514234820	0.9052066422	0.0924336797	0.0023596781
8	0.0471823710	0.9528176290	0.9078614342	0.0899123897	0.0022261761
9	0.0458916224	0.9541083776	0.9103227963	0.0875711627	0.0021060410
10	0.0446934162	0.9553065838	0.9126106690	0.0853918296	0.0019975015
11	0.0435783642	0.9564216358	0.9147423454	0.0833585808	0.0018990738
12	0.0425383056	0.9574616944	0.9167328963	0.0814575963	0.0018095074
13	0.0415661128	0.9584338872	0.9185955162	0.0796767421	0.0017277417
14	0.0406555331	0.9593444669	0.9203418061	0.0780053215	0.0016528724
15	0.0398010584	0.9601989416	0.9219820075	0.0764338683	0.0015841242
16	0.0389978172	0.9610021828	0.9235251953	0.0749539750	0.0015208297
17	0.0382414858	0.9617585142	0.9249794397	0.0735581491	0.0014624112
18	0.0375282127	0.9624717873	0.9263519413	0.0722396920	0.0014083668
19	0.0368545565	0.9631454435	0.9276491453	0.0709925964	0.0013582583
20	0.0362174322	0.9637825678	0.9288768380	0.0698114596	0.0013117024
21	0.0356140665	0.9643859335	0.9300402287	0.0686914095	0.0012683617
22	0.0350419593	0.9649580407	0.9311440203	0.0676280407	0.0012279389
23	0.0344988508	0.9655011492	0.9321924691	0.0666173602	0.0011901707
24	0.0339826935	0.9660173065	0.9331894364	0.0656557402	0.0011548235
25	0.0334916277	0.9665083723	0.9341384338	0.0647398771	0.0011216891
26	0.0330239602	0.9669760398	0.9350426616	0.0638667564	0.0010905819
27	0.0325781465	0.9674218535	0.9359050426	0.0630336217	0.0010613356
28	0.0321527746	0.9678472254	0.9367282517	0.0622379474	0.0010338009
29	0.0317465512	0.9682534488	0.9375147412	0.0614774153	0.0010078435
30	0.0313582891	0.9686417109	0.9382667642	0.0607498935	0.0009833423
31	0.0309868970	0.9690131030	0.9389863938	0.0600534184	0.0009601878
32	0.0306313699	0.9693686301	0.9396755411	0.0593861781	0.0009382808
33	0.0302907804	0.9697092196	0.9403359705	0.0587464981	0.0009175314
34	0.0299642719	0.9700357281	0.9409693139	0.0581328285	0.0008978576
35	0.0296510513	0.9703489487	0.9415770823	0.0575437329	0.0008791848
36	0.0293503838	0.9706496162	0.9421606774	0.0569778776	0.0008614450
37	0.0290615875	0.9709384125	0.9427214010	0.0564340232	0.0008445759
38	0.0287840283	0.9712159717	0.9432604637	0.0559110160	0.0008285203
39	0.0285171164	0.9714828836	0.9437789932	0.0554077809	0.0008132259
40	0.0282603020	0.9717396980	0.9442780406	0.0549233147	0.0007986447
41	0.0280130724	0.9719869276	0.9447585873	0.0544566804	0.0007847322
42	0.0277749485	0.9722250515	0.9452215507	0.0540070015	0.0007714478
43	0.0275454823	0.9724545177	0.9456677889	0.0535734575	0.0007587536
44	0.0273242545	0.9726757455	0.9460981060	0.0531552792	0.0007466149
45	0.0271108719	0.9728891281	0.9465132557	0.0527517450	0.0007349994
46	0.0269049657	0.9730950343	0.9469139457	0.0523621771	0.0007238772
47	0.0267061898	0.9732938102	0.9473008409	0.0519859385	0.0007132206
48	0.0265142186	0.9734857814	0.9476745666	0.0516224296	0.0007030038
49	0.0263287457	0.9736712543	0.9480357115	0.0512710856	0.0006932028
50	0.0261494826	0.9738505174	0.9483848303	0.0509313743	0.0006837954
51	0.0259761574	0.9740238426	0.9487224460	0.0506027933	0.0006747608
52	0.0258085135	0.9741914865	0.9490490523	0.0502848683	0.0006660794
53	0.0256463087	0.9743536913	0.9493651157	0.0499771512	0.0006577332
54	0.0254893141	0.9745106859	0.9496710770	0.0496792178	0.0006497051
55	0.0253373130	0.9746626870	0.9499673535	0.0493906671	0.0006419794
56	0.0251901005	0.9748098995	0.9502543401	0.0491111187	0.0006345412
57	0.0250474826	0.9749525174	0.9505324112	0.0488402124	0.0006273764
58	0.0249092752	0.9750907248	0.9508019216	0.0485776064	0.0006204720
59	0.0247753037	0.9752246963	0.9510632083	0.0483229761	0.0006138157
60	0.0246454025	0.9753545975	0.9513165909	0.0480760132	0.0006073959
61	0.0245194141	0.9754805859	0.9515623735	0.0478364249	0.0006012017
62	0.0243971890	0.9756028110	0.9518008448	0.0476039324	0.0005952228
63	0.0242785849	0.9757214151	0.9520322799	0.0473782704	0.0005894497
64	0.0241634664	0.9758365336	0.9522569404	0.0471591865	0.0005838731
65	0.0240517045	0.9759482955	0.9524750756	0.0469464399	0.0005784845
66	0.0239431763	0.9760568237	0.9526869231	0.0467398012	0.0005732757
67	0.0238377647	0.9761622353	0.9528927095	0.0465390514	0.0005682390
68	0.0237353581	0.9762646419	0.9530926511	0.0463439817	0.0005633672
69	0.0236358496	0.9763641504	0.9532869542	0.0461543924	0.0005586534
70	0.0235391375	0.9764608625	0.9534758160	0.0459700930	0.0005540910
71	0.0234451244	0.9765548756	0.9536594250	0.0457909011	0.0005496739
72	0.0233537173	0.9766462827	0.9538379615	0.0456166424	0.0005453961
73	0.0232648273	0.9767351727	0.9540115976	0.0454471502	0.0005412522
74	0.0231783691	0.9768216309	0.9541804986	0.0452822646	0.0005372368
75	0.0230942613	0.9769057387	0.9543448224	0.0451218327	0.0005333449
76	0.0230124257	0.9769875743	0.9545047203	0.0449657079	0.0005295717
77	0.0229327876	0.9770672124	0.9546603376	0.0448137497	0.0005259127
78	0.0228552752	0.9771447248	0.9548118132	0.0446658232	0.0005223636
79	0.0227798198	0.9772201802	0.9549592806	0.0445217992	0.0005189202
80	0.0227063553	0.9772936447	0.9551028680	0.0443815534	0.0005155786
81	0.0226348183	0.9773651817	0.9552426983	0.0442449667	0.0005123350
82	0.0225651481	0.9774348519	0.9553788897	0.0441119244	0.0005091859
83	0.0224972861	0.9775027139	0.9555115556	0.0439823165	0.0005061279
84	0.0224311763	0.9775688237	0.9556408051	0.0438560372	0.0005031577
85	0.0223667645	0.9776332355	0.9557667432	0.0437329846	0.0005002722
86	0.0223039988	0.9776960012	0.9558894708	0.0436130609	0.0004974684
87	0.0222428293	0.9777571707	0.9560090849	0.0434961716	0.0004947435
88	0.0221832078	0.9778167922	0.9561256792	0.0433822261	0.0004920947
89	0.0221250880	0.9778749120	0.9562393435	0.0432711369	0.0004895195
90	0.0220684253	0.9779315747	0.9563501647	0.0431628199	0.0004870154
91	0.0220131768	0.9779868232	0.9564582264	0.0430571937	0.0004845800
92	0.0219593010	0.9780406990	0.9565636090	0.0429541801	0.0004822109
93	0.0219067579	0.9780932421	0.9566663903	0.0428537037	0.0004799060
94	0.0218555091	0.9781444909	0.9567666452	0.0427556916	0.0004776633
95	0.0218055173	0.9781944827	0.9568644460	0.0426600734	0.0004754806
96	0.0217567468	0.9782432532	0.9569598625	0.0425667815	0.0004733560
97	0.0217091629	0.9782908371	0.9570529620	0.0424757502	0.0004712878
98	0.0216627321	0.9783372679	0.9571438097	0.0423869163	0.0004692740
99	0.0216174223	0.9783825777	0.9572324684	0.0423002187	0.0004673129
100	0.0215732022	0.9784267978	0.9573189987	0.0422155983	0.0004654031
101	0.0215300416	0.9784699584	0.9574034594	0.0421329979	0.0004635427
102	0.0214879115	0.9785120885	0.9574859073	0.0420523624	0.0004617303
103	0.0214467837	0.9785532163	0.9575663972	0.0419736383	0.0004599645
104	0.0214066308	0.9785933692	0.9576449822	0.0418967740	0.0004582438
105	0.0213674267	0.9786325733	0.9577217136	0.0418217195	0.0004565669
106	0.0213291456	0.9786708544	0.9577966412	0.0417484264	0.0004549325
107	0.0212917631	0.9787082369	0.9578698130	0.0416768478	0.0004533392
108	0.0212552551	0.9787447449	0.9579412757	0.0416069385	0.0004517859
109	0.0212195985	0.9787804015	0.9580110743	0.0415386543	0.0004502714
110	0.0211847710	0.9788152290	0.9580792526	0.0414719529	0.0004487945
111	0.0211507507	0.9788492493	0.9581458529	0.0414067929	0.0004473543
112	0.0211175167	0.9788824833	0.9582109162	0.0413431343	0.0004459495
113	0.0210850485	0.9789149515	0.9582744823	0.0412809385	0.0004445793
114	0.0210533264	0.9789466736	0.9583365897	0.0412201677	0.0004432426
115	0.0210223312	0.9789776688	0.9583972759	0.0411607856	0.0004419384
116	0.0209920444	0.9790079556	0.9584565772	0.0411027569	0.0004406659
117	0.0209624478	0.9790375522	0.9585145286	0.0410460472	0.0004394242
118	0.0209335240	0.9790664760	0.9585711644	0.0409906232	0.0004382124
119	0.0209052561	0.9790947439	0.9586265176	0.0409364526	0.0004370297
120	0.0208776274	0.9791223726	0.9586806205	0.0408835042	0.0004358753
121	0.0208506221	0.9791493779	0.9587335042	0.0408317473	0.0004347484
122	0.0208242246	0.9791757754	0.9587851991	0.0407811525	0.0004336483
123	0.0207984198	0.9792015802	0.9588357347	0.0407316911	0.0004325743
124	0.0207731931	0.9792268069	0.9588851394	0.0406833351	0.0004315256
125	0.0207485302	0.9792514698	0.9589334411	0.0406360574	0.0004305015
126	0.0207244173	0.9792755827	0.9589806668	0.0405898317	0.0004295015
127	0.0207008410	0.9792991590	0.9590268428	0.0405446324	0.0004285248
128	0.0206777882	0.9793222118	0.9590719945	0.0405004346	0.0004275709
129	0.0206552462	0.9793447538	0.9591161467	0.0404572141	0.0004266392
130	0.0206332027	0.9793667973	0.9591593236	0.0404149474	0.0004257291
131	0.0206116457	0.9793883543	0.9592015485	0.0403736115	0.0004248399
132	0.0205905635	0.9794094365	0.9592428444	0.0403331843	0.0004239713
133	0.0205699447	0.9794300553	0.9592832333	0.0402936441	0.0004231226
134	0.0205497783	0.9794502217	0.9593227368	0.0402549698	0.0004222934
135	0.0205300535	0.9794699465	0.9593613760	0.0402171409	0.0004214831
136	0.0205107600	0.9794892400	0.9593991713	0.0401801375	0.0004206913
137	0.0204918875	0.9795081125	0.9594361425	0.0401439401	0.0004199175
138	0.0204734261	0.9795265739	0.9594723090	0.0401085298	0.0004191612
139	0.0204553661	0.9795446339	0.9595076897	0.0400738883	0.0004184220
140	0.0204376983	0.9795623017	0.9595423029	0.0400399976	0.0004176995
141	0.0204204134	0.9795795866	0.9595761665	0.0400068402	0.0004169933
142	0.0204035025	0.9795964975	0.9596092979	0.0399743992	0.0004163029
143	0.0203869570	0.9796130430	0.9596417140	0.0399426580	0.0004156280
144	0.0203707685	0.9796292315	0.9596734313	0.0399116005	0.0004149682
145	0.0203549286	0.9796450714	0.9597044659	0.0398812109	0.0004143231
146	0.0203394294	0.9796605706	0.9597348336	0.0398514740	0.0004136924
147	0.0203242631	0.9796757369	0.9597645496	0.0398223748	0.0004130757
148	0.0203094220	0.9796905780	0.9597936287	0.0397938987	0.0004124726
149	0.0202948987	0.9797051013	0.9598220854	0.0397660316	0.0004118829
150	0.0202806861	0.9797193139	0.9598499340	0.0397387597	0.0004113062
151	0.0202667770	0.9797332230	0.9598771882	0.0397120695	0.0004107423
152	0.0202531646	0.9797468354	0.9599038615	0.0396859479	0.0004101907
153	0.0202398422	0.9797601578	0.9599299669	0.0396603819	0.0004096512
154	0.0202268032	0.9797731968	0.9599555172	0.0396353593	0.0004091236
155	0.0202140413	0.9797859587	0.9599805249	0.0396108676	0.0004086075
156	0.0202015502	0.9797984498	0.9600050022	0.0395868952	0.0004081026
157	0.0201893239	0.9798106761	0.9600289609	0.0395634303	0.0004076088
158	0.0201773565	0.9798226435	0.9600524126	0.0395404616	0.0004071257
159	0.0201656422	0.9798343578	0.9600753686	0.0395179782	0.0004066531
160	0.0201541754	0.9798458246	0.9600978399	0.0394959693	0.0004061908
161	0.0201429506	0.9798570494	0.9601198373	0.0394744242	0.0004057385
162	0.0201319624	0.9798680376	0.9601413712	0.0394533329	0.0004052959
163	0.0201212055	0.9798787945	0.9601624518	0.0394326852	0.0004048629
164	0.0201106750	0.9798893250	0.9601830893	0.0394124715	0.0004044392
165	0.0201003657	0.9798996343	0.9602032932	0.0393926821	0.0004040247
166	0.0200902729	0.9799097271	0.9602230732	0.0393733077	0.0004036191
167	0.0200803918	0.9799196082	0.9602424385	0.0393543393	0.0004032221
168	0.0200707177	0.9799292823	0.9602613983	0.0393357680	0.0004028337
169	0.0200612462	0.9799387538	0.9602799613	0.0393175851	0.0004024536
170	0.0200519727	0.9799480273	0.9602981362	0.0392997822	0.0004020816
171	0.0200428930	0.9799571070	0.9603159315	0.0392823509	0.0004017176
172	0.0200340029	0.9799659971	0.9603333554	0.0392652833	0.0004013613
173	0.0200252983	0.9799747017	0.9603504160	0.0392485714	0.0004010126
174	0.0200167750	0.9799832250	0.9603671212	0.0392322075	0.0004006713
175	0.0200084293	0.9799915707	0.9603834786	0.0392161841	0.0004003372
176	0.0200002573	0.9799997427	0.9603994958	0.0392004939	0.0004000103
177	0.0199922551	0.9800077449	0.9604151801	0.0391851297	0.0003996903
178	0.0199844192	0.9800155808	0.9604305386	0.0391700844	0.0003993770
179	0.0199767460	0.9800232540	0.9604455784	0.0391553512	0.0003990704
180	0.0199692320	0.9800307680	0.9604603063	0.0391409235	0.0003987702
181	0.0199618737	0.9800381263	0.9604747291	0.0391267945	0.0003984764
182	0.0199546678	0.9800453322	0.9604888531	0.0391129581	0.0003981888
183	0.0199476111	0.9800523889	0.9605026849	0.0390994079	0.0003979072
184	0.0199407004	0.9800592996	0.9605162307	0.0390861378	0.0003976315
185	0.0199339326	0.9800660674	0.9605294966	0.0390731418	0.0003973617
186	0.0199273045	0.9800726955	0.9605424884	0.0390604141	0.0003970975
187	0.0199208133	0.9800791867	0.9605552122	0.0390479490	0.0003968388
188	0.0199144560	0.9800855440	0.9605676735	0.0390357409	0.0003965856
189	0.0199082298	0.9800917702	0.9605798780	0.0390237844	0.0003963376
190	0.0199021319	0.9800978681	0.9605918310	0.0390120741	0.0003960949
191	0.0198961596	0.9801038404	0.9606035380	0.0390006049	0.0003958572
192	0.0198903102	0.9801096898	0.9606150040	0.0389893715	0.0003956244
193	0.0198845811	0.9801154189	0.9606262343	0.0389783691	0.0003953966
194	0.0198789698	0.9801210302	0.9606372338	0.0389675928	0.0003951734
195	0.0198734738	0.9801265262	0.9606480073	0.0389570377	0.0003949550
196	0.0198680907	0.9801319093	0.9606585596	0.0389466994	0.0003947410
197	0.0198628181	0.9801371819	0.9606688954	0.0389365731	0.0003945315
198	0.0198576536	0.9801423464	0.9606790192	0.0389266544	0.0003943264
199	0.0198525950	0.9801474050	0.9606889355	0.0389169390	0.0003941255
200	0.0198476401	0.9801523599	0.9606986486	0.0389074226	0.0003939288
201	0.0198427867	0.9801572133	0.9607081627	0.0388981011	0.0003937362
202	0.0198380327	0.9801619673	0.9607174822	0.0388889703	0.0003935475
203	0.0198333759	0.9801666241	0.9607266109	0.0388800263	0.0003933628
204	0.0198288145	0.9801711855	0.9607355530	0.0388712651	0.0003931819
205	0.0198243462	0.9801756538	0.9607443122	0.0388626831	0.0003930047
206	0.0198199693	0.9801800307	0.9607528925	0.0388542763	0.0003928312
207	0.0198156818	0.9801843182	0.9607612976	0.0388460412	0.0003926612
208	0.0198114819	0.9801885181	0.9607695310	0.0388379741	0.0003924948
209	0.0198073677	0.9801926323	0.9607775965	0.0388300717	0.0003923318
210	0.0198033374	0.9801966626	0.9607854974	0.0388223304	0.0003921722
211	0.0197993893	0.9802006107	0.9607932372	0.0388147470	0.0003920158
212	0.0197955217	0.9802044783	0.9608008192	0.0388073181	0.0003918627
213	0.0197917329	0.9802082671	0.9608082468	0.0388000405	0.0003917127
214	0.0197880214	0.9802119786	0.9608155231	0.0387929111	0.0003915658
215	0.0197843853	0.9802156147	0.9608226512	0.0387859269	0.0003914219
216	0.0197808234	0.9802191766	0.9608296343	0.0387790848	0.0003912810
217	0.0197773338	0.9802226662	0.9608364752	0.0387723818	0.0003911429
218	0.0197739153	0.9802260847	0.9608431771	0.0387658152	0.0003910077
219	0.0197705663	0.9802294337	0.9608497427	0.0387593820	0.0003908753
220	0.0197672854	0.9802327146	0.9608561748	0.0387530796	0.0003907456
221	0.0197640711	0.9802359289	0.9608624762	0.0387469052	0.0003906185
222	0.0197609222	0.9802390778	0.9608686497	0.0387408563	0.0003904940
223	0.0197578372	0.9802421628	0.9608746978	0.0387349301	0.0003903721
224	0.0197548148	0.9802451852	0.9608806231	0.0387291242	0.0003902527
225	0.0197518538	0.9802481462	0.9608864282	0.0387234361	0.0003901357
226	0.0197489528	0.9802510472	0.9608921154	0.0387178634	0.0003900211
227	0.0197461108	0.9802538892	0.9608976874	0.0387124037	0.0003899089
228	0.0197433263	0.9802566737	0.9609031464	0.0387070547	0.0003897989
229	0.0197405983	0.9802594017	0.9609084947	0.0387018141	0.0003896912
230	0.0197379256	0.9802620744	0.9609137346	0.0386966797	0.0003895857
231	0.0197353070	0.9802646930	0.9609188683	0.0386916493	0.0003894823
232	0.0197327415	0.9802672585	0.9609238981	0.0386867208	0.0003893811
233	0.0197302279	0.9802697721	0.9609288260	0.0386818921	0.0003892819
234	0.0197277653	0.9802722347	0.9609336542	0.0386771611	0.0003891847
235	0.0197253524	0.9802746476	0.9609383846	0.0386725258	0.0003890895
236	0.0197229885	0.9802770115	0.9609430194	0.0386679844	0.0003889963
237	0.0197206723	0.9802793277	0.9609475603	0.0386635348	0.0003889049
238	0.0197184030	0.9802815970	0.9609520094	0.0386591752	0.0003888154
239	0.0197161796	0.9802838204	0.9609563686	0.0386549037	0.0003887277
240	0.0197140011	0.9802859989	0.9609606396	0.0386507186	0.0003886418
241	0.0197118667	0.9802881333	0.9609648243	0.0386466180	0.0003885577
242	0.0197097754	0.9802902246	0.9609689244	0.0386426003	0.0003884752
243	0.0197077264	0.9802922736	0.9609729417	0.0386386638	0.0003883945
244	0.0197057187	0.9802942813	0.9609768779	0.0386348068	0.0003883154
245	0.0197037517	0.9802962483	0.9609807345	0.0386310277	0.0003882378
246	0.0197018243	0.9802981757	0.9609845133	0.0386273248	0.0003881619
247	0.0196999358	0.9803000642	0.9609882158	0.0386236967	0.0003880875
248	0.0196980855	0.9803019145	0.9609918436	0.0386201419	0.0003880146
249	0.0196962725	0.9803037275	0.9609953981	0.0386166587	0.0003879432
250	0.0196944961	0.9803055039	0.9609988809	0.0386132459	0.0003878732
251	0.0196927556	0.9803072444	0.9610022935	0.0386099019	0.0003878046
252	0.0196910501	0.9803089499	0.9610056373	0.0386066253	0.0003877375
253	0.0196893790	0.9803106210	0.9610089136	0.0386034148	0.0003876716
254	0.0196877417	0.9803122583	0.9610121238	0.0386002690	0.0003876072
255	0.0196861373	0.9803138627	0.9610152694	0.0385971866	0.0003875440
256	0.0196845653	0.9803154347	0.9610183515	0.0385941664	0.0003874821
257	0.0196830250	0.9803169750	0.9610213715	0.0385912070	0.0003874215
258	0.0196815157	0.9803184843	0.9610243307	0.0385883073	0.0003873621
259	0.0196800368	0.9803199632	0.9610272302	0.0385854660	0.0003873038
260	0.0196785877	0.9803214123	0.9610300713	0.0385826819	0.0003872468
261	0.0196771678	0.9803228322	0.9610328552	0.0385799538	0.0003871909
262	0.0196757765	0.9803242235	0.9610355831	0.0385772807	0.0003871362
263	0.0196744133	0.9803255867	0.9610382560	0.0385746615	0.0003870825
264	0.0196730774	0.9803269226	0.9610408751	0.0385720949	0.0003870300
265	0.0196717685	0.9803282315	0.9610434415	0.0385695800	0.0003869785
266	0.0196704859	0.9803295141	0.9610459562	0.0385671158	0.0003869280
267	0.0196692291	0.9803307709	0.9610484203	0.0385647011	0.0003868786
268	0.0196679976	0.9803320024	0.9610508348	0.0385623350	0.0003868301
269	0.0196667909	0.9803332091	0.9610532008	0.0385600165	0.0003867827
270	0.0196656085	0.9803343915	0.9610555191	0.0385577447	0.0003867362
271	0.0196644499	0.9803355501	0.9610577909	0.0385555185	0.0003866906
272	0.0196633145	0.9803366855	0.9610600169	0.0385533372	0.0003866459
273	0.0196622020	0.9803377980	0.9610621981	0.0385511997	0.0003866022
274	0.0196611119	0.9803388881	0.9610643355	0.0385491051	0.0003865593
275	0.0196600437	0.9803399563	0.9610664300	0.0385470527	0.0003865173
276	0.0196589969	0.9803410031	0.9610684823	0.0385450416	0.0003864762
277	0.0196579713	0.9803420287	0.9610704933	0.0385430708	0.0003864358
278	0.0196569662	0.9803430338	0.9610724640	0.0385411397	0.0003863963
279	0.0196559813	0.9803440187	0.9610743950	0.0385392474	0.0003863576
280	0.0196550162	0.9803449838	0.9610762872	0.0385373931	0.0003863197
281	0.0196540705	0.9803459295	0.9610781414	0.0385355761	0.0003862825
282	0.0196531439	0.9803468561	0.9610799584	0.0385337956	0.0003862461
283	0.0196522358	0.9803477642	0.9610817388	0.0385320508	0.0003862104
284	0.0196513460	0.9803486540	0.9610834835	0.0385303411	0.0003861754
285	0.0196504740	0.9803495260	0.9610851931	0.0385286658	0.0003861411
286	0.0196496196	0.9803503804	0.9610868684	0.0385270241	0.0003861075
287	0.0196487823	0.9803512177	0.9610885100	0.0385254153	0.0003860746
288	0.0196479619	0.9803520381	0.9610901187	0.0385238389	0.0003860424
289	0.0196471579	0.9803528421	0.9610916951	0.0385222941	0.0003860108
290	0.0196463700	0.9803536300	0.9610932398	0.0385207804	0.0003859799
291	0.0196455980	0.9803544020	0.9610947535	0.0385192970	0.0003859495
292	0.0196448415	0.9803551585	0.9610962368	0.0385178434	0.0003859198
293	0.0196441002	0.9803558998	0.9610976904	0.0385164190	0.0003858907
294	0.0196433737	0.9803566263	0.9610991147	0.0385150231	0.0003858621
295	0.0196426618	0.9803573382	0.9611005105	0.0385136553	0.0003858342
296	0.0196419642	0.9803580358	0.9611018783	0.0385123150	0.0003858068
297	0.0196412807	0.9803587193	0.9611032186	0.0385110015	0.0003857799
298	0.0196406108	0.9803593892	0.9611045320	0.0385097144	0.0003857536
299	0.0196399544	0.9803600456	0.9611058191	0.0385084531	0.0003857278
300	0.0196393111	0.9803606889	0.9611070803	0.0385072171	0.0003857025
301	0.0196386808	0.9803613192	0.9611083163	0.0385060059	0.0003856778
302	0.0196380631	0.9803619369	0.9611095274	0.0385048191	0.0003856535
303	0.0196374577	0.9803625423	0.9611107143	0.0385036560	0.0003856297
304	0.0196368646	0.9803631354	0.9611118773	0.0385025162	0.0003856065
305	0.0196362833	0.9803637167	0.9611130170	0.0385013994	0.0003855836
306	0.0196357137	0.9803642863	0.9611141339	0.0385003049	0.0003855613
307	0.0196351555	0.9803648445	0.9611152283	0.0384992323	0.0003855393
308	0.0196346085	0.9803653915	0.9611163008	0.0384981813	0.0003855179
309	0.0196340725	0.9803659275	0.9611173518	0.0384971514	0.0003854968
310	0.0196335472	0.9803664528	0.9611183818	0.0384961421	0.0003854762
311	0.0196330325	0.9803669675	0.9611193910	0.0384951530	0.0003854560
312	0.0196325280	0.9803674720	0.9611203801	0.0384941838	0.0003854362
313	0.0196320337	0.9803679663	0.9611213493	0.0384932340	0.0003854167
314	0.0196315493	0.9803684507	0.9611222990	0.0384923032	0.0003853977
315	0.0196310747	0.9803689253	0.9611232298	0.0384913911	0.0003853791
316	0.0196306095	0.9803693905	0.9611241419	0.0384904973	0.0003853608
317	0.0196301536	0.9803698464	0.9611250356	0.0384896214	0.0003853429
318	0.0196297069	0.9803702931	0.9611259115	0.0384887631	0.0003853254
319	0.0196292692	0.9803707308	0.9611267698	0.0384879219	0.0003853082
320	0.0196288402	0.9803711598	0.9611276110	0.0384870977	0.0003852914
321	0.0196284198	0.9803715802	0.9611284352	0.0384862899	0.0003852749
322	0.0196280079	0.9803719921	0.9611292430	0.0384854983	0.0003852587
323	0.0196276042	0.9803723958	0.9611300345	0.0384847226	0.0003852428
324	0.0196272086	0.9803727914	0.9611308102	0.0384839625	0.0003852273
325	0.0196268209	0.9803731791	0.9611315704	0.0384832175	0.0003852121
326	0.0196264410	0.9803735590	0.9611323153	0.0384824875	0.0003851972
327	0.0196260687	0.9803739313	0.9611330453	0.0384817722	0.0003851826
328	0.0196257038	0.9803742962	0.9611337606	0.0384810711	0.0003851682
329	0.0196253463	0.9803746537	0.9611344617	0.0384803841	0.0003851542
330	0.0196249959	0.9803750041	0.9611351486	0.0384797109	0.0003851405
331	0.0196246526	0.9803753474	0.9611358219	0.0384790511	0.0003851270
332	0.0196243161	0.9803756839	0.9611364816	0.0384784046	0.0003851138
333	0.0196239864	0.9803760136	0.9611371281	0.0384777710	0.0003851008
334	0.0196236632	0.9803763368	0.9611377617	0.0384771501	0.0003850882
335	0.0196233466	0.9803766534	0.9611383826	0.0384765417	0.0003850757
336	0.0196230363	0.9803769637	0.9611389910	0.0384759454	0.0003850636
337	0.0196227322	0.9803772678	0.9611395873	0.0384753611	0.0003850516
338	0.0196224342	0.9803775658	0.9611401716	0.0384747885	0.0003850399
339	0.0196221421	0.9803778579	0.9611407442	0.0384742274	0.0003850285
340	0.0196218560	0.9803781440	0.9611413053	0.0384736775	0.0003850172
341	0.0196215755	0.9803784245	0.9611418552	0.0384731386	0.0003850062
342	0.0196213007	0.9803786993	0.9611423941	0.0384726105	0.0003849954
343	0.0196210313	0.9803789687	0.9611429222	0.0384720929	0.0003849849
344	0.0196207674	0.9803792326	0.9611434397	0.0384715858	0.0003849745
345	0.0196205087	0.9803794913	0.9611439469	0.0384710888	0.0003849644
346	0.0196202553	0.9803797447	0.9611444439	0.0384706017	0.0003849544
347	0.0196200069	0.9803799931	0.9611449309	0.0384701244	0.0003849447
348	0.0196197635	0.9803802365	0.9611454082	0.0384696567	0.0003849351
349	0.0196195249	0.9803804751	0.9611458759	0.0384691983	0.0003849258
350	0.0196192911	0.9803807089	0.9611463343	0.0384687491	0.0003849166
351	0.0196190620	0.9803809380	0.9611467835	0.0384683089	0.0003849076
352	0.0196188375	0.9803811625	0.9611472237	0.0384678775	0.0003848988
353	0.0196186175	0.9803813825	0.9611476551	0.0384674548	0.0003848902
354	0.0196184019	0.9803815981	0.9611480778	0.0384670405	0.0003848817
355	0.0196181906	0.9803818094	0.9611484921	0.0384666345	0.0003848734
356	0.0196179836	0.9803820164	0.9611488981	0.0384662366	0.0003848653
357	0.0196177807	0.9803822193	0.9611492960	0.0384658467	0.0003848573
358	0.0196175818	0.9803824182	0.9611496859	0.0384654646	0.0003848495
359	0.0196173870	0.9803826130	0.9611500680	0.0384650902	0.0003848419
360	0.0196171960	0.9803828040	0.9611504424	0.0384647232	0.0003848344
361	0.0196170088	0.9803829912	0.9611508094	0.0384643636	0.0003848270
362	0.0196168254	0.9803831746	0.9611511690	0.0384640112	0.0003848198
363	0.0196166457	0.9803833543	0.9611515214	0.0384636659	0.0003848128
364	0.0196164696	0.9803835304	0.9611518667	0.0384633274	0.0003848059
365	0.0196162970	0.9803837030	0.9611522051	0.0384629958	0.0003847991
366	0.0196161278	0.9803838722	0.9611525368	0.0384626707	0.0003847925
367	0.0196159621	0.9803840379	0.9611528618	0.0384623522	0.0003847860
368	0.0196157996	0.9803842004	0.9611531803	0.0384620401	0.0003847796
369	0.0196156404	0.9803843596	0.9611534925	0.0384617342	0.0003847733
370	0.0196154844	0.9803845156	0.9611537984	0.0384614344	0.0003847672
371	0.0196153315	0.9803846685	0.9611540981	0.0384611406	0.0003847612
372	0.0196151817	0.9803848183	0.9611543919	0.0384608527	0.0003847554
373	0.0196150349	0.9803849651	0.9611546798	0.0384605706	0.0003847496
374	0.0196148910	0.9803851090	0.9611549619	0.0384602941	0.0003847439
375	0.0196147500	0.9803852500	0.9611552384	0.0384600232	0.0003847384
376	0.0196146118	0.9803853882	0.9611555094	0.0384597576	0.0003847330
377	0.0196144764	0.9803855236	0.9611557749	0.0384594974	0.0003847277
378	0.0196143437	0.9803856563	0.9611560351	0.0384592424	0.0003847225
379	0.0196142136	0.9803857864	0.9611562901	0.0384589925	0.0003847174
380	0.0196140862	0.9803859138	0.9611565400	0.0384587476	0.0003847124
381	0.0196139613	0.9803860387	0.9611567849	0.0384585076	0.0003847075
382	0.0196138389	0.9803861611	0.9611570249	0.0384582724	0.0003847027
383	0.0196137189	0.9803862811	0.9611572601	0.0384580419	0.0003846980
384	0.0196136014	0.9803863986	0.9611574906	0.0384578160	0.0003846934
385	0.0196134862	0.9803865138	0.9611577165	0.0384575947	0.0003846888
386	0.0196133733	0.9803866267	0.9611579378	0.0384573778	0.0003846844
387	0.0196132627	0.9803867373	0.9611581548	0.0384571652	0.0003846801
388	0.0196131542	0.9803868458	0.9611583673	0.0384569568	0.0003846758
389	0.0196130480	0.9803869520	0.9611585757	0.0384567527	0.0003846717
390	0.0196129439	0.9803870561	0.9611587798	0.0384565526	0.0003846676
391	0.0196128418	0.9803871582	0.9611589799	0.0384563565	0.0003846636
392	0.0196127418	0.9803872582	0.9611591760	0.0384561644	0.0003846596
393	0.0196126438	0.9803873562	0.9611593681	0.0384559761	0.0003846558
394	0.0196125478	0.9803874522	0.9611595565	0.0384557915	0.0003846520
395	0.0196124537	0.9803875463	0.9611597410	0.0384556107	0.0003846483
396	0.0196123614	0.9803876386	0.9611599218	0.0384554334	0.0003846447
397	0.0196122711	0.9803877289	0.9611600991	0.0384552598	0.0003846412
398	0.0196121825	0.9803878175	0.9611602727	0.0384550896	0.0003846377
399	0.0196120957	0.9803879043	0.9611604430	0.0384549228	0.0003846343
400	0.0196120106	0.9803879894	0.9611606098	0.0384547593	0.0003846310
401	0.0196119272	0.9803880728	0.9611607732	0.0384545991	0.0003846277
402	0.0196118455	0.9803881545	0.9611609334	0.0384544421	0.0003846245
403	0.0196117655	0.9803882345	0.9611610904	0.0384542883	0.0003846213
404	0.0196116870	0.9803883130	0.9611612442	0.0384541375	0.0003846183
405	0.0196116101	0.9803883899	0.9611613950	0.0384539897	0.0003846153
406	0.0196115348	0.9803884652	0.9611615428	0.0384538449	0.0003846123
407	0.0196114609	0.9803885391	0.9611616876	0.0384537030	0.0003846094
408	0.0196113886	0.9803886114	0.9611618295	0.0384535640	0.0003846066
409	0.0196113176	0.9803886824	0.9611619685	0.0384534277	0.0003846038
410	0.0196112481	0.9803887519	0.9611621048	0.0384532942	0.0003846011
411	0.0196111800	0.9803888200	0.9611622383	0.0384531633	0.0003845984
412	0.0196111133	0.9803888867	0.9611623692	0.0384530350	0.0003845958
413	0.0196110479	0.9803889521	0.9611624975	0.0384529093	0.0003845932
414	0.0196109838	0.9803890162	0.9611626232	0.0384527861	0.0003845907
415	0.0196109209	0.9803890791	0.9611627464	0.0384526654	0.0003845882
416	0.0196108594	0.9803891406	0.9611628671	0.0384525471	0.0003845858
417	0.0196107990	0.9803892010	0.9611629854	0.0384524312	0.0003845834
418	0.0196107399	0.9803892601	0.9611631013	0.0384523176	0.0003845811
419	0.0196106820	0.9803893180	0.9611632149	0.0384522062	0.0003845788
420	0.0196106252	0.9803893748	0.9611633263	0.0384520971	0.0003845766
421	0.0196105695	0.9803894305	0.9611634354	0.0384519902	0.0003845744
422	0.0196105150	0.9803894850	0.9611635423	0.0384518854	0.0003845723
423	0.0196104615	0.9803895385	0.9611636471	0.0384517827	0.0003845702
424	0.0196104092	0.9803895908	0.9611637498	0.0384516820	0.0003845681
425	0.0196103578	0.9803896422	0.9611638504	0.0384515834	0.0003845661
426	0.0196103075	0.9803896925	0.9611639491	0.0384514868	0.0003845642
427	0.0196102582	0.9803897418	0.9611640457	0.0384513920	0.0003845622
428	0.0196102099	0.9803897901	0.9611641405	0.0384512992	0.0003845603
429	0.0196101626	0.9803898374	0.9611642333	0.0384512082	0.0003845585
430	0.0196101162	0.9803898838	0.9611643242	0.0384511191	0.0003845567
431	0.0196100707	0.9803899293	0.9611644134	0.0384510317	0.0003845549
432	0.0196100262	0.9803899738	0.9611645008	0.0384509461	0.0003845531
433	0.0196099825	0.9803900175	0.9611645864	0.0384508622	0.0003845514
434	0.0196099397	0.9803900603	0.9611646703	0.0384507800	0.0003845497
435	0.0196098978	0.9803901022	0.9611647525	0.0384506994	0.0003845481
436	0.0196098567	0.9803901433	0.9611648331	0.0384506204	0.0003845465
437	0.0196098164	0.9803901836	0.9611649121	0.0384505430	0.0003845449
438	0.0196097769	0.9803902231	0.9611649895	0.0384504672	0.0003845434
439	0.0196097383	0.9803902617	0.9611650653	0.0384503929	0.0003845418
440	0.0196097004	0.9803902996	0.9611651396	0.0384503200	0.0003845403
441	0.0196096632	0.9803903368	0.9611652125	0.0384502486	0.0003845389
442	0.0196096268	0.9803903732	0.9611652838	0.0384501787	0.0003845375
443	0.0196095911	0.9803904089	0.9611653538	0.0384501101	0.0003845361
444	0.0196095562	0.9803904438	0.9611654224	0.0384500429	0.0003845347
445	0.0196095219	0.9803904781	0.9611654895	0.0384499771	0.0003845333
446	0.0196094883	0.9803905117	0.9611655554	0.0384499126	0.0003845320
447	0.0196094554	0.9803905446	0.9611656199	0.0384498494	0.0003845307
448	0.0196094232	0.9803905768	0.9611656831	0.0384497874	0.0003845295
449	0.0196093916	0.9803906084	0.9611657451	0.0384497267	0.0003845282
450	0.0196093606	0.9803906394	0.9611658058	0.0384496671	0.0003845270
451	0.0196093302	0.9803906698	0.9611658653	0.0384496088	0.0003845258
452	0.0196093005	0.9803906995	0.9611659237	0.0384495517	0.0003845247
453	0.0196092714	0.9803907286	0.9611659808	0.0384494957	0.0003845235
454	0.0196092428	0.9803907572	0.9611660368	0.0384494408	0.0003845224
455	0.0196092148	0.9803907852	0.9611660917	0.0384493870	0.0003845213
456	0.0196091874	0.9803908126	0.9611661455	0.0384493343	0.0003845202
457	0.0196091605	0.9803908395	0.9611661982	0.0384492826	0.0003845192
458	0.0196091341	0.9803908659	0.9611662499	0.0384492320	0.0003845181
459	0.0196091083	0.9803908917	0.9611663005	0.0384491823	0.0003845171
460	0.0196090830	0.9803909170	0.9611663501	0.0384491337	0.0003845161
461	0.0196090582	0.9803909418	0.9611663988	0.0384490861	0.0003845152
462	0.0196090339	0.9803909661	0.9611664464	0.0384490394	0.0003845142
463	0.0196090101	0.9803909899	0.9611664931	0.0384489936	0.0003845133
464	0.0196089867	0.9803910133	0.9611665389	0.0384489488	0.0003845124
465	0.0196089639	0.9803910361	0.9611665837	0.0384489048	0.0003845115
466	0.0196089414	0.9803910586	0.9611666277	0.0384488617	0.0003845106
467	0.0196089195	0.9803910805	0.9611666708	0.0384488195	0.0003845097
468	0.0196088980	0.9803911020	0.9611667130	0.0384487781	0.0003845089
469	0.0196088769	0.9803911231	0.9611667543	0.0384487376	0.0003845081
470	0.0196088562	0.9803911438	0.9611667949	0.0384486979	0.0003845072
471	0.0196088359	0.9803911641	0.9611668346	0.0384486589	0.0003845064
472	0.0196088161	0.9803911839	0.9611668735	0.0384486208	0.0003845057
473	0.0196087966	0.9803912034	0.9611669117	0.0384485834	0.0003845049
474	0.0196087775	0.9803912225	0.9611669491	0.0384485468	0.0003845042
475	0.0196087588	0.9803912412	0.9611669857	0.0384485108	0.0003845034
476	0.0196087405	0.9803912595	0.9611670216	0.0384484756	0.0003845027
477	0.0196087226	0.9803912774	0.9611670568	0.0384484412	0.0003845020
478	0.0196087050	0.9803912950	0.9611670913	0.0384484074	0.0003845013
479	0.0196086878	0.9803913122	0.9611671251	0.0384483742	0.0003845006
480	0.0196086709	0.9803913291	0.9611671583	0.0384483418	0.0003845000
481	0.0196086543	0.9803913457	0.9611671907	0.0384483100	0.0003844993
482	0.0196086381	0.9803913619	0.9611672225	0.0384482788	0.0003844987
483	0.0196086222	0.9803913778	0.9611672537	0.0384482482	0.0003844981
484	0.0196086066	0.9803913934	0.9611672843	0.0384482183	0.0003844975
485	0.0196085913	0.9803914087	0.9611673142	0.0384481889	0.0003844969
486	0.0196085764	0.9803914236	0.9611673435	0.0384481602	0.0003844963
487	0.0196085617	0.9803914383	0.9611673723	0.0384481320	0.0003844957
488	0.0196085473	0.9803914527	0.9611674005	0.0384481044	0.0003844951
489	0.0196085332	0.9803914668	0.9611674281	0.0384480773	0.0003844946
490	0.0196085194	0.9803914806	0.9611674552	0.0384480508	0.0003844940
491	0.0196085059	0.9803914941	0.9611674817	0.0384480248	0.0003844935
492	0.0196084927	0.9803915073	0.9611675077	0.0384479993	0.0003844930
493	0.0196084797	0.9803915203	0.9611675331	0.0384479744	0.0003844925
494	0.0196084669	0.9803915331	0.9611675581	0.0384479499	0.0003844920
495	0.0196084545	0.9803915455	0.9611675826	0.0384479259	0.0003844915
496	0.0196084422	0.9803915578	0.9611676065	0.0384479025	0.0003844910
497	0.0196084303	0.9803915697	0.9611676300	0.0384478794	0.0003844905
498	0.0196084185	0.9803915815	0.9611676531	0.0384478569	0.0003844901
499	0.0196084070	0.9803915930	0.9611676756	0.0384478348	0.0003844896
500	0.0196083957	0.9803916043	0.9611676977	0.0384478131	0.0003844892
